#ID, X, Y, Yerr, Xerr
1,176.58680339,-20.888275,0.02,1.0914758891
2,-249.966510869,-21.996269,0.01,8.06552955651
3,-120.952286788,-20.94803,0.078504,1.77619707324
5,-171.961656166,-20.892767,0.01,6.22144829933
6,255.892053905,-22.14235,0.036038,5.01198196099
7,300.749633081,-21.541043,0.05314,8.82369968883
8,189.989380107,-21.545865,0.06,4.99007868456
10,260.574876813,-22.12339,0.03,1.47625777206
12,208.419874262,-20.607976,0.02,6.00973898511
13,181.308753799,-20.800232,0.074028,0.505351926938
14,219.518001897,-20.643577,0.055072,2.46019544576
17,119.761566534,-21.319426,0.07,2.41061950204
20,222.785640512,-22.129677,0.24,0.36791525045
22,231.641426036,-22.534468,0.446088,1.89218944008
23,127.930865031,-21.8108,0.01,1.16785816028
25,249.16891865,-22.121831,0.04,5.34540328943
26,197.936188794,-21.54243,0.199149,6.25403019682
30,143.861418393,-21.108994,0.03,2.14129877976
31,-221.755101298,-21.668104,0.04,3.89656283706
33,190.789944441,-22.018713,0.01,4.29516174779
37,169.531417335,-21.055569,0.060188,3.00216362145
39,123.902358998,-20.100908,0.074106,4.50184623529
40,164.173173392,-19.58242,0.254168,1.9234551051
41,115.103547588,-20.093632,0.112357,0.963631369347
42,190.89539497,-21.569279,0.079404,1.1153034009
43,202.290240615,-20.98189,0.089544,0.406721712389
44,276.413321893,-22.380029,0.219346,0.741289101609
45,141.697944667,-21.238533,0.181122,0.693736333048
47,181.225905846,-21.207369,0.245266,0.962151255184
53,145.449566791,-20.798755,0.31,4.35766265291
61,371.379729059,-20.5783,0.082356,1.07870781755
73,90.0424444755,-21.547608,0.08539,2.07920892237
77,-151.223586198,-20.610858,0.02,3.32861009868
78,-266.526853498,-21.314118,0.233959,11.5826201458
100,56.4650923102,-19.545873,0.02,2.10242448216
104,367.698254648,-21.978599,0.157296,9.26263473309
119,241.739183769,-22.480393,0.137359,0.537471447773
127,278.402815317,-22.020641,0.03,0.977261098588
131,184.048866062,-20.174954,0.161166,2.64184074235
134,252.915800797,-21.693775,0.09763,0.273744150954
146,-289.532293552,-20.988872,0.496991,2.49075067041
147,171.828212673,-21.398021,0.423102,3.32265661923
151,229.218063109,-21.745253,0.141847,7.6928055286
152,116.619131319,-20.210653,0.110376,3.37703884915
153,196.979347531,-21.029148,0.02,10.0502677431
155,207.535130262,-22.022066,0.281612,3.52102315479
156,247.417284488,-21.668798,0.07852,9.40757677708
157,160.492698861,-20.597207,0.111271,0.940616161503
159,182.583509578,-20.317501,0.1,3.44742760742
165,235.650284958,-21.623951,0.089779,14.5855425901
171,72.9021156861,-22.912629,0.045549,1.64250246816
186,143.965658746,-20.599303,0.173284,3.28318646721
213,101.521233632,-21.382569,0.067693,3.13971498669
231,132.171060108,-18.115308,0.03,2.23680560208
272,-190.582874072,-20.948765,0.051497,3.41933874196
273,163.450410575,-20.943468,0.01,4.93198125104
274,109.795036299,-19.103959,0.061503,0.743913161575
275,-191.699912433,-20.661868,0.015359,2.80990737704
277,217.903589905,-22.04544,0.02,7.51341063378
306,149.04812649,-19.076349,0.04,1.33132090808
309,269.432358423,-20.887679,0.04,2.90193097637
311,199.563029056,-22.792294,0.034755,2.0373747099
312,239.095876851,-19.20166,0.203872,1.78503303668
318,211.584062505,-23.805135,0.061957,5.7624328575
319,229.05600587,-21.483551,0.083786,3.02072839754
326,148.578638163,-20.683554,0.068753,6.235404536
339,318.553198613,-21.320199,0.51752,0.203762920165
340,136.272301849,-22.304167,0.01,4.33657672162
341,269.872233285,-22.35041,0.024585,7.66260681098
360,381.859606533,-22.720145,0.166129,0.979147921082
361,81.736797182,-18.283652,0.313994,0.732883380334
364,282.843919908,-21.884431,0.02,7.30449077951
381,271.029903725,-22.021813,0.11,5.43159099197
386,207.63673169,-21.77003,0.03,4.20449701802
387,-207.071558138,-22.968474,0.099617,4.48732359005
414,216.821509039,-20.922457,0.44447,0.336101205688
436,164.509655866,-21.372329,0.01,1.94963231037
475,238.833866733,-20.134479,0.586996,11.4910699445
479,204.636647323,-21.938688,0.02,6.10421866181
486,150.792054983,-19.908112,0.541042,3.67082678785
489,259.748837657,-21.85408,0.01,4.78805611263
500,177.145446993,-21.107126,0.094643,4.30715542936
502,218.009139562,-20.570191,0.095816,0.707487541594
515,218.688800495,-21.885885,0.082636,2.60973883146
518,-196.206914334,-20.945301,0.044085,1.7000439138
548,141.796855649,-20.686141,0.049486,3.43522342603
569,170.561681247,-21.029062,0.069699,0.242504972433
577,294.550398258,-22.165472,0.496798,5.65871639312
580,184.534370236,-21.012629,0.099418,5.42872079385
588,279.122808582,-23.026871,0.117706,0.822716781364
592,164.531606235,-24.358661,0.31,0.996666866124
593,-224.302968784,-22.507279,0.092218,6.07973509593
603,125.738854551,-20.292669,0.462055,2.52802253511
606,-146.445308289,-19.259323,0.09,2.71701459772
607,253.357555288,-22.77337,0.096798,8.34281151787
608,198.209606534,-21.781932,0.211286,0.585008897053
611,165.874849391,-21.058278,0.404119,0.227180129128
630,160.676220491,-20.078248,0.353662,2.86366185617
633,155.363778472,-21.072135,0.173109,0.530707477668
634,-202.0731511,-21.396479,0.048355,5.76067787768
657,128.81967689,-19.735996,0.18235,1.03030569825
663,245.523829887,-22.306915,0.08089,10.5440220215
664,192.295839566,-20.243933,0.14666,4.31285274959
665,234.069791015,-22.288402,0.135286,1.29128470208
676,-210.346883768,-21.279022,0.093604,2.86271819755
680,55.6392971033,-21.249246,0.310429,2.06299052745
684,334.355371137,-22.494196,0.447884,2.91278448817
708,120.057009332,-21.931694,0.314528,1.54175010849
714,199.302524352,-21.869064,0.939361,8.99539955821
715,-184.34357036,-20.163165,0.373038,5.18936386542
740,209.945454332,-22.791562,0.099925,1.79359568952
744,53.2667064566,-21.697226,0.145015,0.567159163258
748,158.337198367,-20.905945,0.123067,0.343124007054
749,193.937624298,-20.38769,0.01,3.8037646737
754,150.875650283,-20.932356,0.162082,6.06833955276
758,159.291412436,-19.418335,0.151476,1.76551351008
764,275.763980575,-22.278066,0.02,4.6611707911
769,129.314580885,-20.911427,0.064919,5.16925847818
774,268.566709371,-22.576954,0.03,3.81752708099
775,145.462846724,-20.95286,0.03,3.77436913701
778,-185.935665829,-22.566059,0.05003,5.10432229223
780,230.583238839,-23.00262,0.421334,3.47801484347
783,125.474027173,-19.924725,0.045828,3.86579013201
789,297.881123742,-22.714892,0.058958,12.1623329702
791,257.479797365,-22.106699,0.013658,6.24601078674
795,351.849409621,-21.306532,0.11,13.0041109926
796,263.804875329,-21.711849,0.146334,3.28777950772
797,176.322294704,-20.39981,0.06868,3.97981256239
798,129.608136292,-20.650203,0.038273,2.62428351968
802,175.715431196,-21.843563,0.07416,2.85577794768
804,156.363377268,-20.764956,0.155766,2.79728671203
806,122.022883954,-22.788986,0.46422,1.01759693613
807,217.753304381,-21.895057,0.033984,5.18249458419
809,-240.779660798,-22.105303,0.138077,5.44240008666
810,199.650935555,-21.710712,0.01,2.73322511936
813,-272.348058333,-21.775117,0.23207,3.44188881821
814,232.95222528,-22.743017,0.024255,2.13827165621
815,88.0816980051,-22.042078,0.101596,0.546327377589
816,186.619133786,-21.773873,0.07659,2.55475012013
818,184.237560711,-20.502642,0.01,4.1423283696
821,192.95761004,-22.017189,0.18059,6.21734908446
822,293.869471346,-22.205701,0.093473,3.2570368989
823,140.152784216,-20.43137,0.041501,3.34891487274
824,200.059711876,-21.564861,0.806194,5.08304521766
825,151.239576119,-20.413218,0.06,4.329800513
826,197.026813139,-21.829701,0.065004,1.97569937984
827,101.043417913,-18.994243,0.57417,3.31337311793
828,81.7136043571,-20.481735,0.04,2.98878821487
829,94.523258149,-22.879477,0.03,0.666206504371
831,171.721956517,-20.863929,0.045321,2.97952055763
832,259.002064451,-23.569375,0.131527,0.38495625746
833,110.740659885,-22.201969,0.03,0.823228070448
835,297.094908692,-22.661401,0.13226,2.98843148456
836,172.836522346,-20.727477,0.02,3.51919314737
837,173.159958365,-20.567123,0.038413,4.71406342314
838,210.255423935,-20.973309,0.07,4.43237273051
839,380.210466207,-24.036018,0.250196,15.6698193385
840,103.208396345,-24.110596,0.134729,0.567223061819
841,125.968689375,-19.84697,0.058117,1.77873338653
842,117.152870893,-21.101106,0.113994,0.610217073585
843,127.800114309,-19.144899,0.192343,3.8565877716
845,148.035511895,-23.390579,0.050772,1.14834320831
846,91.890963175,-22.842608,0.10515,1.16162913382
847,204.71087761,-22.015803,0.064995,5.31637733594
848,236.639673542,-20.914259,0.033084,0.377372024565
849,237.542254494,-22.701402,0.085105,8.03011398411
850,120.063683839,-22.283706,0.03,1.38503331027
851,109.386355864,-23.51513,0.108967,2.02238465633
852,96.8109161145,-19.614223,0.302913,1.61244250362
854,248.105786203,-21.833461,0.028562,5.56817329907
856,170.89497206,-21.11061,0.24,3.52136699297
857,247.554483979,-21.78692,0.034758,8.95862413265
858,261.688154187,-22.893454,0.309826,4.36715725734
859,82.5405820857,-22.582214,0.098935,0.577688722781
860,152.041457739,-21.187481,0.174244,0.260817192384
861,228.735187261,-21.080931,0.05,6.90658409489
862,234.305703155,-22.463172,0.143065,0.227131983081
863,256.774612984,-21.939979,0.04,7.74180464688
864,148.147817345,-22.721668,0.08,0.42550736536
865,291.888721446,-21.928403,0.12,1.79775764617
866,182.301984789,-20.233922,0.03,6.63523414561
867,158.488118914,-20.382542,0.05,4.88457304003
868,219.854105623,-21.426492,0.058888,8.17870191441
869,293.310349083,-22.235725,0.05,3.36303448311
870,228.109356113,-21.76259,0.533081,0.627396949034
871,239.803773074,-21.955279,0.055782,5.24853217606
872,235.70449346,-21.033478,0.136005,2.94465413769
874,214.449687218,-22.649724,0.22,7.04287646642
876,231.30687131,-21.632457,0.06,6.44832281477
880,286.7935568,-19.962259,0.8,3.347737819
881,340.92826101,-23.002383,0.062467,0.906274937402
884,208.717865908,-19.519796,0.06,11.049138218
885,72.6249699341,-18.152536,0.03,1.8583180332
886,242.898249386,-22.112653,0.01,2.5925499796
887,279.725027101,-22.375842,0.04,9.12934672259
888,126.897752231,-23.419717,0.18422,0.852949579926
889,248.727733646,-21.861791,0.02,9.26045964285
890,260.599107415,-21.419631,0.071032,5.00228734755
891,170.969914702,-20.596233,0.02,3.19414817963
892,-152.355797842,-20.835276,0.066442,5.37941436472
893,380.948752777,-23.310031,0.183354,7.74171476645
894,204.058976987,-21.776274,0.122146,5.44408593706
895,114.901374175,-18.688635,0.136387,2.47561121423
896,195.765182616,-21.726813,0.049297,4.50800959614
897,108.396441653,-21.751704,0.288325,2.85997850934
898,255.404506667,-21.474149,0.045323,8.33943596439
900,100.82379485,-22.711168,0.056307,0.900103925784
901,199.446888801,-21.414825,0.504618,2.41747138407
902,269.140805201,-21.413559,0.317269,4.32232259352
903,327.923736766,-22.381562,0.137206,0.329026172
904,295.673710102,-21.623202,0.077647,0.687962527066
905,139.310234423,-19.439161,0.261857,13.0468728452
907,150.227227532,-19.813675,0.01,4.07802233284
908,349.098522421,-21.134569,0.16484,3.15481288205
909,128.784688853,-20.512024,0.02,3.66394641226
911,75.6622698913,-22.91938,0.215065,0.295178480602
912,164.560161537,-21.333053,0.087497,3.15991861518
913,198.679614263,-20.210394,0.327805,0.214052422789
914,-205.076488167,-20.917883,0.075973,4.34745373408
915,190.644548202,-21.395617,0.047545,0.6013078777
916,256.577493607,-21.58422,0.263014,9.72393222598
917,221.234173068,-21.569608,0.134198,7.11243546005
919,226.220272778,-21.589139,0.037909,8.00700563138
920,146.635890442,-21.214131,0.103979,4.54874715121
922,111.218860255,-20.459826,0.01,1.59552628408
923,210.292620947,-21.822628,0.027645,5.14658489258
924,135.937059235,-21.058084,0.04,0.448850459648
925,250.361112435,-21.943224,0.02,3.91923552303
929,224.16392134,-21.959254,0.02,9.62257820586
930,137.522973995,-20.552863,0.03,3.41011370086
932,266.337833836,-22.581148,0.251936,10.1728588164
933,356.392949826,-21.027933,0.091948,4.09448892255
935,165.226348239,-20.570874,0.02,1.62374100967
936,-248.268377538,-20.866898,0.02,9.69426678001
937,-200.189243515,-19.54709,0.07,1.04993129897
938,183.223732723,-22.108503,0.035753,3.11896695939
939,196.450625262,-22.065999,0.109008,0.746862800222
